mode: set
gc/gc.go:15.26,17.6 2 0
gc/gc.go:17.6,20.36 3 0
gc/gc.go:20.36,22.4 1 0
gc/gc.go:26.52,29.38 3 0
gc/gc.go:35.2,37.13 3 0
gc/gc.go:29.38,34.3 3 0
gc/gc.go:40.22,49.12 1 0
gc/gc.go:49.12,50.28 1 0
gc/gc.go:50.28,54.4 2 0
gc/gc.go:58.32,62.2 2 1
gc/gc.go:65.35,67.12 1 1
gc/gc.go:77.2,77.12 1 1
gc/gc.go:67.12,74.3 6 1
gc/gc.go:77.12,81.3 3 1
gc/gc.go:86.20,87.2 0 0
gc/gc.go:89.25,93.2 3 0
gc/gc.go:94.27,97.2 2 0
gc/gc.go:98.26,101.2 2 0
gc/gc.go:103.58,121.2 13 0
gc/gc.go:123.15,125.2 0 0
gc/gc.go:127.22,130.9 1 0
gc/gc.go:136.2,136.12 1 0
gc/gc.go:142.2,142.12 1 0
gc/gc.go:130.9,133.3 2 0
gc/gc.go:136.12,139.3 2 0
